2025-12-18 14:27:39.656644[Thread 0x00000001ff95a080]:Update_dark_mode_flag: switch the current dark mode status to 1 
2025-12-18 14:27:39.658184[Thread 0x00000001ff95a080]:begin to show the splash screen...
2025-12-18 14:27:39.678904[Thread 0x00000001ff95a080]:loading systen presets...
2025-12-18 14:27:39.679757[Thread 0x00000001ff95a080]:[BBL Updater]:Checking whether the profile from resource is newer
2025-12-18 14:27:39.680214[Thread 0x00000001ff95a080]:Installing 3 bundles from resources ...
2025-12-18 14:27:39.690225[Thread 0x00000001ff95a080]:[BBL Updater]:Performing 12 updates
2025-12-18 14:27:39.690244[Thread 0x00000001ff95a080]:	Update(/private/var/folders/hm/_31wg2417pn4r3khtg0qlw640000gn/T/AppTranslocation/D342ED7C-5E1D-4D15-B9D4-7DC870CB83A7/d/OrcaSlicer.app/Contents/Resources/profiles/Custom.json -> /Users/nicholasclark/Library/Application Support/OrcaSlicer/system/Custom.json)
2025-12-18 14:27:39.691144[Thread 0x00000001ff95a080]:	Update(/private/var/folders/hm/_31wg2417pn4r3khtg0qlw640000gn/T/AppTranslocation/D342ED7C-5E1D-4D15-B9D4-7DC870CB83A7/d/OrcaSlicer.app/Contents/Resources/profiles/Custom/process -> /Users/nicholasclark/Library/Application Support/OrcaSlicer/system/Custom/process)
2025-12-18 14:27:39.691158[Thread 0x00000001ff95a080]:copy_directory_recursively "/private/var/folders/hm/_31wg2417pn4r3khtg0qlw640000gn/T/AppTranslocation/D342ED7C-5E1D-4D15-B9D4-7DC870CB83A7/d/OrcaSlicer.app/Contents/Resources/profiles/Custom/process" -> "/Users/nicholasclark/Library/Application Support/OrcaSlicer/system/Custom/process"
2025-12-18 14:27:39.697232[Thread 0x00000001ff95a080]:	Update(/private/var/folders/hm/_31wg2417pn4r3khtg0qlw640000gn/T/AppTranslocation/D342ED7C-5E1D-4D15-B9D4-7DC870CB83A7/d/OrcaSlicer.app/Contents/Resources/profiles/Custom/filament -> /Users/nicholasclark/Library/Application Support/OrcaSlicer/system/Custom/filament)
2025-12-18 14:27:39.697242[Thread 0x00000001ff95a080]:copy_directory_recursively "/private/var/folders/hm/_31wg2417pn4r3khtg0qlw640000gn/T/AppTranslocation/D342ED7C-5E1D-4D15-B9D4-7DC870CB83A7/d/OrcaSlicer.app/Contents/Resources/profiles/Custom/filament" -> "/Users/nicholasclark/Library/Application Support/OrcaSlicer/system/Custom/filament"
2025-12-18 14:27:39.703525[Thread 0x00000001ff95a080]:	Update(/private/var/folders/hm/_31wg2417pn4r3khtg0qlw640000gn/T/AppTranslocation/D342ED7C-5E1D-4D15-B9D4-7DC870CB83A7/d/OrcaSlicer.app/Contents/Resources/profiles/Custom/machine -> /Users/nicholasclark/Library/Application Support/OrcaSlicer/system/Custom/machine)
2025-12-18 14:27:39.703536[Thread 0x00000001ff95a080]:copy_directory_recursively "/private/var/folders/hm/_31wg2417pn4r3khtg0qlw640000gn/T/AppTranslocation/D342ED7C-5E1D-4D15-B9D4-7DC870CB83A7/d/OrcaSlicer.app/Contents/Resources/profiles/Custom/machine" -> "/Users/nicholasclark/Library/Application Support/OrcaSlicer/system/Custom/machine"
2025-12-18 14:27:39.705248[Thread 0x00000001ff95a080]:	Update(/private/var/folders/hm/_31wg2417pn4r3khtg0qlw640000gn/T/AppTranslocation/D342ED7C-5E1D-4D15-B9D4-7DC870CB83A7/d/OrcaSlicer.app/Contents/Resources/profiles/Voron.json -> /Users/nicholasclark/Library/Application Support/OrcaSlicer/system/Voron.json)
2025-12-18 14:27:39.705722[Thread 0x00000001ff95a080]:	Update(/private/var/folders/hm/_31wg2417pn4r3khtg0qlw640000gn/T/AppTranslocation/D342ED7C-5E1D-4D15-B9D4-7DC870CB83A7/d/OrcaSlicer.app/Contents/Resources/profiles/Voron/process -> /Users/nicholasclark/Library/Application Support/OrcaSlicer/system/Voron/process)
2025-12-18 14:27:39.705725[Thread 0x00000001ff95a080]:copy_directory_recursively "/private/var/folders/hm/_31wg2417pn4r3khtg0qlw640000gn/T/AppTranslocation/D342ED7C-5E1D-4D15-B9D4-7DC870CB83A7/d/OrcaSlicer.app/Contents/Resources/profiles/Voron/process" -> "/Users/nicholasclark/Library/Application Support/OrcaSlicer/system/Voron/process"
2025-12-18 14:27:39.708876[Thread 0x00000001ff95a080]:	Update(/private/var/folders/hm/_31wg2417pn4r3khtg0qlw640000gn/T/AppTranslocation/D342ED7C-5E1D-4D15-B9D4-7DC870CB83A7/d/OrcaSlicer.app/Contents/Resources/profiles/Voron/filament -> /Users/nicholasclark/Library/Application Support/OrcaSlicer/system/Voron/filament)
2025-12-18 14:27:39.708899[Thread 0x00000001ff95a080]:copy_directory_recursively "/private/var/folders/hm/_31wg2417pn4r3khtg0qlw640000gn/T/AppTranslocation/D342ED7C-5E1D-4D15-B9D4-7DC870CB83A7/d/OrcaSlicer.app/Contents/Resources/profiles/Voron/filament" -> "/Users/nicholasclark/Library/Application Support/OrcaSlicer/system/Voron/filament"
2025-12-18 14:27:39.714542[Thread 0x00000001ff95a080]:	Update(/private/var/folders/hm/_31wg2417pn4r3khtg0qlw640000gn/T/AppTranslocation/D342ED7C-5E1D-4D15-B9D4-7DC870CB83A7/d/OrcaSlicer.app/Contents/Resources/profiles/Voron/machine -> /Users/nicholasclark/Library/Application Support/OrcaSlicer/system/Voron/machine)
2025-12-18 14:27:39.714551[Thread 0x00000001ff95a080]:copy_directory_recursively "/private/var/folders/hm/_31wg2417pn4r3khtg0qlw640000gn/T/AppTranslocation/D342ED7C-5E1D-4D15-B9D4-7DC870CB83A7/d/OrcaSlicer.app/Contents/Resources/profiles/Voron/machine" -> "/Users/nicholasclark/Library/Application Support/OrcaSlicer/system/Voron/machine"
2025-12-18 14:27:39.718537[Thread 0x00000001ff95a080]:	Update(/private/var/folders/hm/_31wg2417pn4r3khtg0qlw640000gn/T/AppTranslocation/D342ED7C-5E1D-4D15-B9D4-7DC870CB83A7/d/OrcaSlicer.app/Contents/Resources/profiles/Qidi.json -> /Users/nicholasclark/Library/Application Support/OrcaSlicer/system/Qidi.json)
2025-12-18 14:27:39.719086[Thread 0x00000001ff95a080]:	Update(/private/var/folders/hm/_31wg2417pn4r3khtg0qlw640000gn/T/AppTranslocation/D342ED7C-5E1D-4D15-B9D4-7DC870CB83A7/d/OrcaSlicer.app/Contents/Resources/profiles/Qidi/process -> /Users/nicholasclark/Library/Application Support/OrcaSlicer/system/Qidi/process)
2025-12-18 14:27:39.719090[Thread 0x00000001ff95a080]:copy_directory_recursively "/private/var/folders/hm/_31wg2417pn4r3khtg0qlw640000gn/T/AppTranslocation/D342ED7C-5E1D-4D15-B9D4-7DC870CB83A7/d/OrcaSlicer.app/Contents/Resources/profiles/Qidi/process" -> "/Users/nicholasclark/Library/Application Support/OrcaSlicer/system/Qidi/process"
2025-12-18 14:27:39.729488[Thread 0x00000001ff95a080]:	Update(/private/var/folders/hm/_31wg2417pn4r3khtg0qlw640000gn/T/AppTranslocation/D342ED7C-5E1D-4D15-B9D4-7DC870CB83A7/d/OrcaSlicer.app/Contents/Resources/profiles/Qidi/filament -> /Users/nicholasclark/Library/Application Support/OrcaSlicer/system/Qidi/filament)
2025-12-18 14:27:39.729504[Thread 0x00000001ff95a080]:copy_directory_recursively "/private/var/folders/hm/_31wg2417pn4r3khtg0qlw640000gn/T/AppTranslocation/D342ED7C-5E1D-4D15-B9D4-7DC870CB83A7/d/OrcaSlicer.app/Contents/Resources/profiles/Qidi/filament" -> "/Users/nicholasclark/Library/Application Support/OrcaSlicer/system/Qidi/filament"
2025-12-18 14:27:39.736115[Thread 0x00000001ff95a080]:	Update(/private/var/folders/hm/_31wg2417pn4r3khtg0qlw640000gn/T/AppTranslocation/D342ED7C-5E1D-4D15-B9D4-7DC870CB83A7/d/OrcaSlicer.app/Contents/Resources/profiles/Qidi/machine -> /Users/nicholasclark/Library/Application Support/OrcaSlicer/system/Qidi/machine)
2025-12-18 14:27:39.736126[Thread 0x00000001ff95a080]:copy_directory_recursively "/private/var/folders/hm/_31wg2417pn4r3khtg0qlw640000gn/T/AppTranslocation/D342ED7C-5E1D-4D15-B9D4-7DC870CB83A7/d/OrcaSlicer.app/Contents/Resources/profiles/Qidi/machine" -> "/Users/nicholasclark/Library/Application Support/OrcaSlicer/system/Qidi/machine"
2025-12-18 14:27:40.241228[Thread 0x00000001ff95a080]:initialize_network_module, successfully loaded library /Users/nicholasclark/Library/Application Support/OrcaSlicer/plugins/libbambu_networking.dylib, module 0x6dd13e00
2025-12-18 14:27:40.241398[Thread 0x00000001ff95a080]:get_network_function, can not find function bambu_network_get_profile_3mf
2025-12-18 14:27:40.241439[Thread 0x00000001ff95a080]:on_init_network: on_init_network, load dll ok
2025-12-18 14:27:40.241462[Thread 0x00000001ff95a080]:get_network_agent_version=01.06.00.11
2025-12-18 14:27:40.241466[Thread 0x00000001ff95a080]:on_init_network: on_init_network, compatibility version
2025-12-18 14:27:40.252042[Thread 0x00000001ff95a080]:on_init_network, create network agent...
2025-12-18 14:27:40.252211[Thread 0x00000001ff95a080]:NetworkAgent, this 0x9330438e0, network_agent=0x933019320, create_agent_ptr=1
2025-12-18 14:27:40.252604[Thread 0x00000001ff95a080]:init_networking_callbacks: enter, m_agent=0x9330438e0
2025-12-18 14:27:40.252625[Thread 0x00000001ff95a080]:init_networking_callbacks: exit, m_agent=0x9330438e0
2025-12-18 14:27:40.252922[Thread 0x00000001ff95a080]:preset_folder: set to empty
2025-12-18 14:27:40.253283[Thread 0x00000001ff95a080]:load_presets enter, substitution_rule 3, preferred printer_model_id 
2025-12-18 14:27:40.254114[Thread 0x00000001ff95a080]:load_vendor_configs_from_json: parse /Users/nicholasclark/Library/Application Support/OrcaSlicer/system/OrcaFilamentLibrary.json, got description:  "Orca Filament Library"
2025-12-18 14:27:40.289191[Thread 0x00000001ff95a080]:load_vendor_configs_from_json: parse /Users/nicholasclark/Library/Application Support/OrcaSlicer/system/Custom.json, got description:  "My configurations"
2025-12-18 14:27:40.295416[Thread 0x00000001ff95a080]:load_vendor_configs_from_json: parse /Users/nicholasclark/Library/Application Support/OrcaSlicer/system/Voron.json, got description:  "Voron configurations"
2025-12-18 14:27:40.300940[Thread 0x00000001ff95a080]:load_vendor_configs_from_json: parse /Users/nicholasclark/Library/Application Support/OrcaSlicer/system/Qidi.json, got description:  "Qidi configurations"
2025-12-18 14:27:40.314876[Thread 0x00000001ff95a080]:Preset incompatibla, not loading: 0.4 Plus4 0.2 Box Turtle
2025-12-18 14:27:40.316305[Thread 0x00000001ff95a080]:Preset incompatibla, not loading: 0.4 Plus4 0.2 Rigid
2025-12-18 14:27:40.319037[Thread 0x00000001ff95a080]:Preset incompatibla, not loading: 0.4 Plus4 0.2 PET Rigid
2025-12-18 14:27:40.319444[Thread 0x00000001ff95a080]:Preset incompatibla, not loading: 0.4 Plus4 0.2 PPS-GF
2025-12-18 14:27:40.321213[Thread 0x00000001ff95a080]:Preset incompatibla, not loading: 0.4 Plus4 0.2 Toy
2025-12-18 14:27:40.322683[Thread 0x00000001ff95a080]:Preset incompatibla, not loading: 0.4 Plus4 0.2 Voron Spec
2025-12-18 14:27:40.326737[Thread 0x00000001ff95a080]:Preset incompatibla, not loading: Plus4 PET-GF
2025-12-18 14:27:40.329199[Thread 0x00000001ff95a080]:Preset incompatibla, not loading: Plus4 PET-CF
2025-12-18 14:27:40.335084[Thread 0x00000001ff95a080]:Preset incompatibla, not loading: Plus4 PPS-GF
2025-12-18 14:27:40.343819[Thread 0x00000001ff95a080]:Preset incompatibla, not loading: Qidi Plus4 0.4 Nozzle MMU
2025-12-18 14:27:40.344442[Thread 0x00000001ff95a080]:Preset incompatibla, not loading: Qidi Plus 4 0.4
2025-12-18 14:27:40.344453[Thread 0x00000001ff95a080]:update_compatibility for all presets enter
2025-12-18 14:27:40.344490[Thread 0x00000001ff95a080]:update_compatibility for all presets exit
2025-12-18 14:27:40.344492[Thread 0x00000001ff95a080]:update_compatibility for all presets enter
2025-12-18 14:27:40.344505[Thread 0x00000001ff95a080]:update_compatibility for all presets exit
2025-12-18 14:27:40.344779[Thread 0x00000001ff95a080]:update_compatibility for all presets enter
2025-12-18 14:27:40.344831[Thread 0x00000001ff95a080]:update_compatibility for all presets exit
2025-12-18 14:27:40.344844[Thread 0x00000001ff95a080]:load_presets finished, returned substitutions 0
2025-12-18 14:27:40.344848[Thread 0x00000001ff95a080]:create the main window
2025-12-18 14:27:40.392100[Thread 0x00000001ff95a080]:Cann't find HarmonyOS Sans SC font
2025-12-18 14:27:40.392129[Thread 0x00000001ff95a080]:Use system font instead: .AppleSystemUIFont
2025-12-18 14:27:40.392156[Thread 0x00000001ff95a080]:Cann't find HarmonyOS Sans SC font
2025-12-18 14:27:40.392166[Thread 0x00000001ff95a080]:Use system font instead: .AppleSystemUIFont
2025-12-18 14:27:40.392285[Thread 0x00000001ff95a080]:Cann't find HarmonyOS Sans SC font
2025-12-18 14:27:40.392296[Thread 0x00000001ff95a080]:Use system font instead: .AppleSystemUIFont
2025-12-18 14:27:40.392309[Thread 0x00000001ff95a080]:Cann't find HarmonyOS Sans SC font
2025-12-18 14:27:40.392318[Thread 0x00000001ff95a080]:Use system font instead: .AppleSystemUIFont
2025-12-18 14:27:40.392329[Thread 0x00000001ff95a080]:Cann't find HarmonyOS Sans SC font
2025-12-18 14:27:40.392374[Thread 0x00000001ff95a080]:Use system font instead: .AppleSystemUIFont
2025-12-18 14:27:40.392407[Thread 0x00000001ff95a080]:Cann't find HarmonyOS Sans SC font
2025-12-18 14:27:40.392417[Thread 0x00000001ff95a080]:Use system font instead: .AppleSystemUIFont
2025-12-18 14:27:40.392427[Thread 0x00000001ff95a080]:Cann't find HarmonyOS Sans SC font
2025-12-18 14:27:40.392436[Thread 0x00000001ff95a080]:Use system font instead: .AppleSystemUIFont
2025-12-18 14:27:40.392894[Thread 0x00000001ff95a080]:Cann't find HarmonyOS Sans SC font
2025-12-18 14:27:40.392907[Thread 0x00000001ff95a080]:Use system font instead: .AppleSystemUIFont
2025-12-18 14:27:40.392923[Thread 0x00000001ff95a080]:Cann't find HarmonyOS Sans SC font
2025-12-18 14:27:40.392933[Thread 0x00000001ff95a080]:Use system font instead: .AppleSystemUIFont
2025-12-18 14:27:40.392980[Thread 0x00000001ff95a080]:Cann't find HarmonyOS Sans SC font
2025-12-18 14:27:40.392991[Thread 0x00000001ff95a080]:Use system font instead: .AppleSystemUIFont
2025-12-18 14:27:40.393001[Thread 0x00000001ff95a080]:Cann't find HarmonyOS Sans SC font
2025-12-18 14:27:40.393010[Thread 0x00000001ff95a080]:Use system font instead: .AppleSystemUIFont
2025-12-18 14:27:40.393032[Thread 0x00000001ff95a080]:Cann't find HarmonyOS Sans SC font
2025-12-18 14:27:40.393041[Thread 0x00000001ff95a080]:Use system font instead: .AppleSystemUIFont
2025-12-18 14:27:40.393050[Thread 0x00000001ff95a080]:Cann't find HarmonyOS Sans SC font
2025-12-18 14:27:40.393059[Thread 0x00000001ff95a080]:Use system font instead: .AppleSystemUIFont
2025-12-18 14:27:40.393069[Thread 0x00000001ff95a080]:Cann't find HarmonyOS Sans SC font
2025-12-18 14:27:40.393078[Thread 0x00000001ff95a080]:Use system font instead: .AppleSystemUIFont
2025-12-18 14:27:40.393097[Thread 0x00000001ff95a080]:Cann't find HarmonyOS Sans SC font
2025-12-18 14:27:40.393106[Thread 0x00000001ff95a080]:Use system font instead: .AppleSystemUIFont
2025-12-18 14:27:40.393115[Thread 0x00000001ff95a080]:Cann't find HarmonyOS Sans SC font
2025-12-18 14:27:40.393124[Thread 0x00000001ff95a080]:Use system font instead: .AppleSystemUIFont
2025-12-18 14:27:40.393243[Thread 0x00000001ff95a080]:Cann't find HarmonyOS Sans SC font
2025-12-18 14:27:40.393253[Thread 0x00000001ff95a080]:Use system font instead: .AppleSystemUIFont
2025-12-18 14:27:40.393316[Thread 0x00000001ff95a080]:Cann't find HarmonyOS Sans SC font
2025-12-18 14:27:40.393326[Thread 0x00000001ff95a080]:Use system font instead: .AppleSystemUIFont
2025-12-18 14:27:40.393337[Thread 0x00000001ff95a080]:Cann't find HarmonyOS Sans SC font
2025-12-18 14:27:40.393346[Thread 0x00000001ff95a080]:Use system font instead: .AppleSystemUIFont
2025-12-18 14:27:40.393441[Thread 0x00000001ff95a080]:Cann't find HarmonyOS Sans SC font
2025-12-18 14:27:40.393452[Thread 0x00000001ff95a080]:Use system font instead: .AppleSystemUIFont
2025-12-18 14:27:40.393462[Thread 0x00000001ff95a080]:Cann't find HarmonyOS Sans SC font
2025-12-18 14:27:40.393470[Thread 0x00000001ff95a080]:Use system font instead: .AppleSystemUIFont
2025-12-18 14:27:40.393489[Thread 0x00000001ff95a080]:Cann't find HarmonyOS Sans SC font
2025-12-18 14:27:40.393497[Thread 0x00000001ff95a080]:Use system font instead: .AppleSystemUIFont
2025-12-18 14:27:40.393506[Thread 0x00000001ff95a080]:Cann't find HarmonyOS Sans SC font
2025-12-18 14:27:40.393515[Thread 0x00000001ff95a080]:Use system font instead: .AppleSystemUIFont
2025-12-18 14:27:40.393524[Thread 0x00000001ff95a080]:Cann't find HarmonyOS Sans SC font
2025-12-18 14:27:40.393532[Thread 0x00000001ff95a080]:Use system font instead: .AppleSystemUIFont
2025-12-18 14:27:40.393550[Thread 0x00000001ff95a080]:Cann't find HarmonyOS Sans SC font
2025-12-18 14:27:40.393558[Thread 0x00000001ff95a080]:Use system font instead: .AppleSystemUIFont
2025-12-18 14:27:40.393567[Thread 0x00000001ff95a080]:Cann't find HarmonyOS Sans SC font
2025-12-18 14:27:40.393575[Thread 0x00000001ff95a080]:Use system font instead: .AppleSystemUIFont
2025-12-18 14:27:40.393651[Thread 0x00000001ff95a080]:Cann't find HarmonyOS Sans SC font
2025-12-18 14:27:40.393661[Thread 0x00000001ff95a080]:Use system font instead: .AppleSystemUIFont
2025-12-18 14:27:40.393675[Thread 0x00000001ff95a080]:Cann't find HarmonyOS Sans SC font
2025-12-18 14:27:40.393685[Thread 0x00000001ff95a080]:Use system font instead: .AppleSystemUIFont
2025-12-18 14:27:40.393736[Thread 0x00000001ff95a080]:Cann't find HarmonyOS Sans SC font
2025-12-18 14:27:40.393747[Thread 0x00000001ff95a080]:Use system font instead: .AppleSystemUIFont
2025-12-18 14:27:40.393758[Thread 0x00000001ff95a080]:Cann't find HarmonyOS Sans SC font
2025-12-18 14:27:40.393767[Thread 0x00000001ff95a080]:Use system font instead: .AppleSystemUIFont
2025-12-18 14:27:40.402135[Thread 0x00000001ff95a080]:Cann't find HarmonyOS Sans SC font
2025-12-18 14:27:40.402153[Thread 0x00000001ff95a080]:Use system font instead: .AppleSystemUIFont
2025-12-18 14:27:40.402170[Thread 0x00000001ff95a080]:Cann't find HarmonyOS Sans SC font
2025-12-18 14:27:40.402180[Thread 0x00000001ff95a080]:Use system font instead: .AppleSystemUIFont
2025-12-18 14:27:40.402204[Thread 0x00000001ff95a080]:Cann't find HarmonyOS Sans SC font
2025-12-18 14:27:40.402214[Thread 0x00000001ff95a080]:Use system font instead: .AppleSystemUIFont
2025-12-18 14:27:40.402224[Thread 0x00000001ff95a080]:Cann't find HarmonyOS Sans SC font
2025-12-18 14:27:40.402233[Thread 0x00000001ff95a080]:Use system font instead: .AppleSystemUIFont
2025-12-18 14:27:40.402243[Thread 0x00000001ff95a080]:Cann't find HarmonyOS Sans SC font
2025-12-18 14:27:40.402251[Thread 0x00000001ff95a080]:Use system font instead: .AppleSystemUIFont
2025-12-18 14:27:40.402271[Thread 0x00000001ff95a080]:Cann't find HarmonyOS Sans SC font
2025-12-18 14:27:40.402280[Thread 0x00000001ff95a080]:Use system font instead: .AppleSystemUIFont
2025-12-18 14:27:40.402289[Thread 0x00000001ff95a080]:Cann't find HarmonyOS Sans SC font
2025-12-18 14:27:40.402298[Thread 0x00000001ff95a080]:Use system font instead: .AppleSystemUIFont
2025-12-18 14:27:40.402386[Thread 0x00000001ff95a080]:Cann't find HarmonyOS Sans SC font
2025-12-18 14:27:40.402397[Thread 0x00000001ff95a080]:Use system font instead: .AppleSystemUIFont
2025-12-18 14:27:40.402410[Thread 0x00000001ff95a080]:Cann't find HarmonyOS Sans SC font
2025-12-18 14:27:40.402418[Thread 0x00000001ff95a080]:Use system font instead: .AppleSystemUIFont
2025-12-18 14:27:40.402500[Thread 0x00000001ff95a080]:Cann't find HarmonyOS Sans SC font
2025-12-18 14:27:40.402511[Thread 0x00000001ff95a080]:Use system font instead: .AppleSystemUIFont
2025-12-18 14:27:40.402521[Thread 0x00000001ff95a080]:Cann't find HarmonyOS Sans SC font
2025-12-18 14:27:40.402529[Thread 0x00000001ff95a080]:Use system font instead: .AppleSystemUIFont
2025-12-18 14:27:40.402547[Thread 0x00000001ff95a080]:Cann't find HarmonyOS Sans SC font
2025-12-18 14:27:40.402556[Thread 0x00000001ff95a080]:Use system font instead: .AppleSystemUIFont
2025-12-18 14:27:40.402565[Thread 0x00000001ff95a080]:Cann't find HarmonyOS Sans SC font
2025-12-18 14:27:40.402574[Thread 0x00000001ff95a080]:Use system font instead: .AppleSystemUIFont
2025-12-18 14:27:40.402583[Thread 0x00000001ff95a080]:Cann't find HarmonyOS Sans SC font
2025-12-18 14:27:40.402592[Thread 0x00000001ff95a080]:Use system font instead: .AppleSystemUIFont
2025-12-18 14:27:40.402609[Thread 0x00000001ff95a080]:Cann't find HarmonyOS Sans SC font
2025-12-18 14:27:40.402618[Thread 0x00000001ff95a080]:Use system font instead: .AppleSystemUIFont
2025-12-18 14:27:40.402627[Thread 0x00000001ff95a080]:Cann't find HarmonyOS Sans SC font
2025-12-18 14:27:40.402636[Thread 0x00000001ff95a080]:Use system font instead: .AppleSystemUIFont
2025-12-18 14:27:40.402701[Thread 0x00000001ff95a080]:Cann't find HarmonyOS Sans SC font
2025-12-18 14:27:40.402712[Thread 0x00000001ff95a080]:Use system font instead: .AppleSystemUIFont
2025-12-18 14:27:40.402761[Thread 0x00000001ff95a080]:Cann't find HarmonyOS Sans SC font
2025-12-18 14:27:40.402772[Thread 0x00000001ff95a080]:Use system font instead: .AppleSystemUIFont
2025-12-18 14:27:40.402812[Thread 0x00000001ff95a080]:Cann't find HarmonyOS Sans SC font
2025-12-18 14:27:40.402821[Thread 0x00000001ff95a080]:Use system font instead: .AppleSystemUIFont
2025-12-18 14:27:40.402894[Thread 0x00000001ff95a080]:Cann't find HarmonyOS Sans SC font
2025-12-18 14:27:40.402906[Thread 0x00000001ff95a080]:Use system font instead: .AppleSystemUIFont
2025-12-18 14:27:40.402916[Thread 0x00000001ff95a080]:Cann't find HarmonyOS Sans SC font
2025-12-18 14:27:40.402924[Thread 0x00000001ff95a080]:Use system font instead: .AppleSystemUIFont
2025-12-18 14:27:40.402942[Thread 0x00000001ff95a080]:Cann't find HarmonyOS Sans SC font
2025-12-18 14:27:40.402950[Thread 0x00000001ff95a080]:Use system font instead: .AppleSystemUIFont
2025-12-18 14:27:40.402959[Thread 0x00000001ff95a080]:Cann't find HarmonyOS Sans SC font
2025-12-18 14:27:40.402967[Thread 0x00000001ff95a080]:Use system font instead: .AppleSystemUIFont
2025-12-18 14:27:40.402976[Thread 0x00000001ff95a080]:Cann't find HarmonyOS Sans SC font
2025-12-18 14:27:40.402984[Thread 0x00000001ff95a080]:Use system font instead: .AppleSystemUIFont
2025-12-18 14:27:40.403001[Thread 0x00000001ff95a080]:Cann't find HarmonyOS Sans SC font
2025-12-18 14:27:40.403010[Thread 0x00000001ff95a080]:Use system font instead: .AppleSystemUIFont
2025-12-18 14:27:40.403018[Thread 0x00000001ff95a080]:Cann't find HarmonyOS Sans SC font
2025-12-18 14:27:40.403027[Thread 0x00000001ff95a080]:Use system font instead: .AppleSystemUIFont
2025-12-18 14:27:40.403078[Thread 0x00000001ff95a080]:Cann't find HarmonyOS Sans SC font
2025-12-18 14:27:40.403089[Thread 0x00000001ff95a080]:Use system font instead: .AppleSystemUIFont
2025-12-18 14:27:40.403106[Thread 0x00000001ff95a080]:Cann't find HarmonyOS Sans SC font
2025-12-18 14:27:40.403115[Thread 0x00000001ff95a080]:Use system font instead: .AppleSystemUIFont
2025-12-18 14:27:40.403160[Thread 0x00000001ff95a080]:Cann't find HarmonyOS Sans SC font
2025-12-18 14:27:40.403170[Thread 0x00000001ff95a080]:Use system font instead: .AppleSystemUIFont
2025-12-18 14:27:40.403181[Thread 0x00000001ff95a080]:Cann't find HarmonyOS Sans SC font
2025-12-18 14:27:40.403191[Thread 0x00000001ff95a080]:Use system font instead: .AppleSystemUIFont
2025-12-18 14:27:40.403256[Thread 0x00000001ff95a080]:Cann't find HarmonyOS Sans SC font
2025-12-18 14:27:40.403266[Thread 0x00000001ff95a080]:Use system font instead: .AppleSystemUIFont
2025-12-18 14:27:40.403275[Thread 0x00000001ff95a080]:Cann't find HarmonyOS Sans SC font
2025-12-18 14:27:40.403284[Thread 0x00000001ff95a080]:Use system font instead: .AppleSystemUIFont
2025-12-18 14:27:40.403301[Thread 0x00000001ff95a080]:Cann't find HarmonyOS Sans SC font
2025-12-18 14:27:40.403310[Thread 0x00000001ff95a080]:Use system font instead: .AppleSystemUIFont
2025-12-18 14:27:40.403318[Thread 0x00000001ff95a080]:Cann't find HarmonyOS Sans SC font
2025-12-18 14:27:40.403326[Thread 0x00000001ff95a080]:Use system font instead: .AppleSystemUIFont
2025-12-18 14:27:40.403335[Thread 0x00000001ff95a080]:Cann't find HarmonyOS Sans SC font
2025-12-18 14:27:40.403344[Thread 0x00000001ff95a080]:Use system font instead: .AppleSystemUIFont
2025-12-18 14:27:40.403360[Thread 0x00000001ff95a080]:Cann't find HarmonyOS Sans SC font
2025-12-18 14:27:40.403369[Thread 0x00000001ff95a080]:Use system font instead: .AppleSystemUIFont
2025-12-18 14:27:40.403377[Thread 0x00000001ff95a080]:Cann't find HarmonyOS Sans SC font
2025-12-18 14:27:40.403386[Thread 0x00000001ff95a080]:Use system font instead: .AppleSystemUIFont
2025-12-18 14:27:40.403438[Thread 0x00000001ff95a080]:Cann't find HarmonyOS Sans SC font
2025-12-18 14:27:40.403448[Thread 0x00000001ff95a080]:Use system font instead: .AppleSystemUIFont
2025-12-18 14:27:40.403465[Thread 0x00000001ff95a080]:Cann't find HarmonyOS Sans SC font
2025-12-18 14:27:40.403474[Thread 0x00000001ff95a080]:Use system font instead: .AppleSystemUIFont
2025-12-18 14:27:40.403487[Thread 0x00000001ff95a080]:Cann't find HarmonyOS Sans SC font
2025-12-18 14:27:40.403496[Thread 0x00000001ff95a080]:Use system font instead: .AppleSystemUIFont
2025-12-18 14:27:40.403553[Thread 0x00000001ff95a080]:Cann't find HarmonyOS Sans SC font
2025-12-18 14:27:40.403564[Thread 0x00000001ff95a080]:Use system font instead: .AppleSystemUIFont
2025-12-18 14:27:40.403574[Thread 0x00000001ff95a080]:Cann't find HarmonyOS Sans SC font
2025-12-18 14:27:40.403583[Thread 0x00000001ff95a080]:Use system font instead: .AppleSystemUIFont
2025-12-18 14:27:40.403663[Thread 0x00000001ff95a080]:Cann't find HarmonyOS Sans SC font
2025-12-18 14:27:40.403674[Thread 0x00000001ff95a080]:Use system font instead: .AppleSystemUIFont
2025-12-18 14:27:40.403683[Thread 0x00000001ff95a080]:Cann't find HarmonyOS Sans SC font
2025-12-18 14:27:40.403691[Thread 0x00000001ff95a080]:Use system font instead: .AppleSystemUIFont
2025-12-18 14:27:40.403709[Thread 0x00000001ff95a080]:Cann't find HarmonyOS Sans SC font
2025-12-18 14:27:40.403717[Thread 0x00000001ff95a080]:Use system font instead: .AppleSystemUIFont
2025-12-18 14:27:40.403726[Thread 0x00000001ff95a080]:Cann't find HarmonyOS Sans SC font
2025-12-18 14:27:40.403734[Thread 0x00000001ff95a080]:Use system font instead: .AppleSystemUIFont
2025-12-18 14:27:40.403743[Thread 0x00000001ff95a080]:Cann't find HarmonyOS Sans SC font
2025-12-18 14:27:40.403751[Thread 0x00000001ff95a080]:Use system font instead: .AppleSystemUIFont
2025-12-18 14:27:40.403767[Thread 0x00000001ff95a080]:Cann't find HarmonyOS Sans SC font
2025-12-18 14:27:40.403776[Thread 0x00000001ff95a080]:Use system font instead: .AppleSystemUIFont
2025-12-18 14:27:40.403784[Thread 0x00000001ff95a080]:Cann't find HarmonyOS Sans SC font
2025-12-18 14:27:40.403792[Thread 0x00000001ff95a080]:Use system font instead: .AppleSystemUIFont
2025-12-18 14:27:40.403845[Thread 0x00000001ff95a080]:Cann't find HarmonyOS Sans SC font
2025-12-18 14:27:40.403855[Thread 0x00000001ff95a080]:Use system font instead: .AppleSystemUIFont
2025-12-18 14:27:40.403871[Thread 0x00000001ff95a080]:Cann't find HarmonyOS Sans SC font
2025-12-18 14:27:40.403881[Thread 0x00000001ff95a080]:Use system font instead: .AppleSystemUIFont
2025-12-18 14:27:40.403894[Thread 0x00000001ff95a080]:Cann't find HarmonyOS Sans SC font
2025-12-18 14:27:40.403903[Thread 0x00000001ff95a080]:Use system font instead: .AppleSystemUIFont
2025-12-18 14:27:40.403916[Thread 0x00000001ff95a080]:Cann't find HarmonyOS Sans SC font
2025-12-18 14:27:40.403925[Thread 0x00000001ff95a080]:Use system font instead: .AppleSystemUIFont
2025-12-18 14:27:40.403967[Thread 0x00000001ff95a080]:Cann't find HarmonyOS Sans SC font
2025-12-18 14:27:40.403978[Thread 0x00000001ff95a080]:Use system font instead: .AppleSystemUIFont
2025-12-18 14:27:40.403988[Thread 0x00000001ff95a080]:Cann't find HarmonyOS Sans SC font
2025-12-18 14:27:40.403997[Thread 0x00000001ff95a080]:Use system font instead: .AppleSystemUIFont
2025-12-18 14:27:40.404067[Thread 0x00000001ff95a080]:Cann't find HarmonyOS Sans SC font
2025-12-18 14:27:40.404077[Thread 0x00000001ff95a080]:Use system font instead: .AppleSystemUIFont
2025-12-18 14:27:40.404086[Thread 0x00000001ff95a080]:Cann't find HarmonyOS Sans SC font
2025-12-18 14:27:40.404095[Thread 0x00000001ff95a080]:Use system font instead: .AppleSystemUIFont
2025-12-18 14:27:40.404112[Thread 0x00000001ff95a080]:Cann't find HarmonyOS Sans SC font
2025-12-18 14:27:40.404121[Thread 0x00000001ff95a080]:Use system font instead: .AppleSystemUIFont
2025-12-18 14:27:40.404129[Thread 0x00000001ff95a080]:Cann't find HarmonyOS Sans SC font
2025-12-18 14:27:40.404137[Thread 0x00000001ff95a080]:Use system font instead: .AppleSystemUIFont
2025-12-18 14:27:40.404146[Thread 0x00000001ff95a080]:Cann't find HarmonyOS Sans SC font
2025-12-18 14:27:40.404154[Thread 0x00000001ff95a080]:Use system font instead: .AppleSystemUIFont
2025-12-18 14:27:40.404171[Thread 0x00000001ff95a080]:Cann't find HarmonyOS Sans SC font
2025-12-18 14:27:40.404179[Thread 0x00000001ff95a080]:Use system font instead: .AppleSystemUIFont
2025-12-18 14:27:40.404187[Thread 0x00000001ff95a080]:Cann't find HarmonyOS Sans SC font
2025-12-18 14:27:40.404196[Thread 0x00000001ff95a080]:Use system font instead: .AppleSystemUIFont
2025-12-18 14:27:40.404259[Thread 0x00000001ff95a080]:Cann't find HarmonyOS Sans SC font
2025-12-18 14:27:40.404269[Thread 0x00000001ff95a080]:Use system font instead: .AppleSystemUIFont
2025-12-18 14:27:40.404285[Thread 0x00000001ff95a080]:Cann't find HarmonyOS Sans SC font
2025-12-18 14:27:40.404295[Thread 0x00000001ff95a080]:Use system font instead: .AppleSystemUIFont
2025-12-18 14:27:40.404308[Thread 0x00000001ff95a080]:Cann't find HarmonyOS Sans SC font
2025-12-18 14:27:40.404316[Thread 0x00000001ff95a080]:Use system font instead: .AppleSystemUIFont
2025-12-18 14:27:40.404329[Thread 0x00000001ff95a080]:Cann't find HarmonyOS Sans SC font
2025-12-18 14:27:40.404338[Thread 0x00000001ff95a080]:Use system font instead: .AppleSystemUIFont
2025-12-18 14:27:40.404350[Thread 0x00000001ff95a080]:Cann't find HarmonyOS Sans SC font
2025-12-18 14:27:40.404359[Thread 0x00000001ff95a080]:Use system font instead: .AppleSystemUIFont
2025-12-18 14:27:40.404402[Thread 0x00000001ff95a080]:Cann't find HarmonyOS Sans SC font
2025-12-18 14:27:40.404412[Thread 0x00000001ff95a080]:Use system font instead: .AppleSystemUIFont
2025-12-18 14:27:40.404423[Thread 0x00000001ff95a080]:Cann't find HarmonyOS Sans SC font
2025-12-18 14:27:40.404432[Thread 0x00000001ff95a080]:Use system font instead: .AppleSystemUIFont
2025-12-18 14:27:40.404498[Thread 0x00000001ff95a080]:Cann't find HarmonyOS Sans SC font
2025-12-18 14:27:40.404508[Thread 0x00000001ff95a080]:Use system font instead: .AppleSystemUIFont
2025-12-18 14:27:40.404517[Thread 0x00000001ff95a080]:Cann't find HarmonyOS Sans SC font
2025-12-18 14:27:40.404526[Thread 0x00000001ff95a080]:Use system font instead: .AppleSystemUIFont
2025-12-18 14:27:40.404544[Thread 0x00000001ff95a080]:Cann't find HarmonyOS Sans SC font
2025-12-18 14:27:40.404552[Thread 0x00000001ff95a080]:Use system font instead: .AppleSystemUIFont
2025-12-18 14:27:40.404561[Thread 0x00000001ff95a080]:Cann't find HarmonyOS Sans SC font
2025-12-18 14:27:40.404570[Thread 0x00000001ff95a080]:Use system font instead: .AppleSystemUIFont
2025-12-18 14:27:40.404578[Thread 0x00000001ff95a080]:Cann't find HarmonyOS Sans SC font
2025-12-18 14:27:40.404587[Thread 0x00000001ff95a080]:Use system font instead: .AppleSystemUIFont
2025-12-18 14:27:40.404605[Thread 0x00000001ff95a080]:Cann't find HarmonyOS Sans SC font
2025-12-18 14:27:40.404614[Thread 0x00000001ff95a080]:Use system font instead: .AppleSystemUIFont
2025-12-18 14:27:40.404623[Thread 0x00000001ff95a080]:Cann't find HarmonyOS Sans SC font
2025-12-18 14:27:40.404632[Thread 0x00000001ff95a080]:Use system font instead: .AppleSystemUIFont
2025-12-18 14:27:40.404685[Thread 0x00000001ff95a080]:Cann't find HarmonyOS Sans SC font
2025-12-18 14:27:40.404696[Thread 0x00000001ff95a080]:Use system font instead: .AppleSystemUIFont
2025-12-18 14:27:40.404712[Thread 0x00000001ff95a080]:Cann't find HarmonyOS Sans SC font
2025-12-18 14:27:40.404721[Thread 0x00000001ff95a080]:Use system font instead: .AppleSystemUIFont
2025-12-18 14:27:40.404735[Thread 0x00000001ff95a080]:Cann't find HarmonyOS Sans SC font
2025-12-18 14:27:40.404744[Thread 0x00000001ff95a080]:Use system font instead: .AppleSystemUIFont
2025-12-18 14:27:40.404756[Thread 0x00000001ff95a080]:Cann't find HarmonyOS Sans SC font
2025-12-18 14:27:40.404765[Thread 0x00000001ff95a080]:Use system font instead: .AppleSystemUIFont
2025-12-18 14:27:40.404778[Thread 0x00000001ff95a080]:Cann't find HarmonyOS Sans SC font
2025-12-18 14:27:40.404786[Thread 0x00000001ff95a080]:Use system font instead: .AppleSystemUIFont
2025-12-18 14:27:40.404799[Thread 0x00000001ff95a080]:Cann't find HarmonyOS Sans SC font
2025-12-18 14:27:40.404808[Thread 0x00000001ff95a080]:Use system font instead: .AppleSystemUIFont
2025-12-18 14:27:40.404850[Thread 0x00000001ff95a080]:Cann't find HarmonyOS Sans SC font
2025-12-18 14:27:40.404860[Thread 0x00000001ff95a080]:Use system font instead: .AppleSystemUIFont
2025-12-18 14:27:40.404871[Thread 0x00000001ff95a080]:Cann't find HarmonyOS Sans SC font
2025-12-18 14:27:40.404880[Thread 0x00000001ff95a080]:Use system font instead: .AppleSystemUIFont
2025-12-18 14:27:40.413470[Thread 0x00000001ff95a080]:CreateWebView: file:/private/var/folders/hm/_31wg2417pn4r3khtg0qlw640000gn/T/AppTranslocation/D342ED7C-5E1D-4D15-B9D4-7DC870CB83A7/d/OrcaSlicer.app/Contents/Resources/web/homepage/index.html
2025-12-18 14:27:40.528897[Thread 0x00000001ff95a080]:Cann't find HarmonyOS Sans SC font
2025-12-18 14:27:40.528925[Thread 0x00000001ff95a080]:Use system font instead: .AppleSystemUIFont
2025-12-18 14:27:40.534248[Thread 0x00000001ff95a080]:Cann't find HarmonyOS Sans SC font
2025-12-18 14:27:40.534268[Thread 0x00000001ff95a080]:Use system font instead: .AppleSystemUIFont
2025-12-18 14:27:40.534287[Thread 0x00000001ff95a080]:Cann't find HarmonyOS Sans SC font
2025-12-18 14:27:40.534297[Thread 0x00000001ff95a080]:Use system font instead: .AppleSystemUIFont
2025-12-18 14:27:40.534345[Thread 0x00000001ff95a080]:Cann't find HarmonyOS Sans SC font
2025-12-18 14:27:40.534356[Thread 0x00000001ff95a080]:Use system font instead: .AppleSystemUIFont
2025-12-18 14:27:40.534366[Thread 0x00000001ff95a080]:Cann't find HarmonyOS Sans SC font
2025-12-18 14:27:40.534375[Thread 0x00000001ff95a080]:Use system font instead: .AppleSystemUIFont
2025-12-18 14:27:40.534386[Thread 0x00000001ff95a080]:Cann't find HarmonyOS Sans SC font
2025-12-18 14:27:40.534395[Thread 0x00000001ff95a080]:Use system font instead: .AppleSystemUIFont
2025-12-18 14:27:40.534421[Thread 0x00000001ff95a080]:Cann't find HarmonyOS Sans SC font
2025-12-18 14:27:40.534430[Thread 0x00000001ff95a080]:Use system font instead: .AppleSystemUIFont
2025-12-18 14:27:40.534439[Thread 0x00000001ff95a080]:Cann't find HarmonyOS Sans SC font
2025-12-18 14:27:40.534448[Thread 0x00000001ff95a080]:Use system font instead: .AppleSystemUIFont
2025-12-18 14:27:40.534593[Thread 0x00000001ff95a080]:Cann't find HarmonyOS Sans SC font
2025-12-18 14:27:40.534605[Thread 0x00000001ff95a080]:Use system font instead: .AppleSystemUIFont
2025-12-18 14:27:40.534619[Thread 0x00000001ff95a080]:Cann't find HarmonyOS Sans SC font
2025-12-18 14:27:40.534628[Thread 0x00000001ff95a080]:Use system font instead: .AppleSystemUIFont
2025-12-18 14:27:40.534732[Thread 0x00000001ff95a080]:Cann't find HarmonyOS Sans SC font
2025-12-18 14:27:40.534743[Thread 0x00000001ff95a080]:Use system font instead: .AppleSystemUIFont
2025-12-18 14:27:40.534753[Thread 0x00000001ff95a080]:Cann't find HarmonyOS Sans SC font
2025-12-18 14:27:40.534762[Thread 0x00000001ff95a080]:Use system font instead: .AppleSystemUIFont
2025-12-18 14:27:40.534781[Thread 0x00000001ff95a080]:Cann't find HarmonyOS Sans SC font
2025-12-18 14:27:40.534790[Thread 0x00000001ff95a080]:Use system font instead: .AppleSystemUIFont
2025-12-18 14:27:40.534799[Thread 0x00000001ff95a080]:Cann't find HarmonyOS Sans SC font
2025-12-18 14:27:40.534808[Thread 0x00000001ff95a080]:Use system font instead: .AppleSystemUIFont
2025-12-18 14:27:40.534817[Thread 0x00000001ff95a080]:Cann't find HarmonyOS Sans SC font
2025-12-18 14:27:40.534825[Thread 0x00000001ff95a080]:Use system font instead: .AppleSystemUIFont
2025-12-18 14:27:40.534844[Thread 0x00000001ff95a080]:Cann't find HarmonyOS Sans SC font
2025-12-18 14:27:40.534853[Thread 0x00000001ff95a080]:Use system font instead: .AppleSystemUIFont
2025-12-18 14:27:40.534862[Thread 0x00000001ff95a080]:Cann't find HarmonyOS Sans SC font
2025-12-18 14:27:40.534870[Thread 0x00000001ff95a080]:Use system font instead: .AppleSystemUIFont
2025-12-18 14:27:40.534932[Thread 0x00000001ff95a080]:Cann't find HarmonyOS Sans SC font
2025-12-18 14:27:40.534943[Thread 0x00000001ff95a080]:Use system font instead: .AppleSystemUIFont
2025-12-18 14:27:40.534999[Thread 0x00000001ff95a080]:Cann't find HarmonyOS Sans SC font
2025-12-18 14:27:40.535010[Thread 0x00000001ff95a080]:Use system font instead: .AppleSystemUIFont
2025-12-18 14:27:40.535021[Thread 0x00000001ff95a080]:Cann't find HarmonyOS Sans SC font
2025-12-18 14:27:40.535030[Thread 0x00000001ff95a080]:Use system font instead: .AppleSystemUIFont
2025-12-18 14:27:40.535130[Thread 0x00000001ff95a080]:Cann't find HarmonyOS Sans SC font
2025-12-18 14:27:40.535175[Thread 0x00000001ff95a080]:Use system font instead: .AppleSystemUIFont
2025-12-18 14:27:40.535185[Thread 0x00000001ff95a080]:Cann't find HarmonyOS Sans SC font
2025-12-18 14:27:40.535193[Thread 0x00000001ff95a080]:Use system font instead: .AppleSystemUIFont
2025-12-18 14:27:40.535212[Thread 0x00000001ff95a080]:Cann't find HarmonyOS Sans SC font
2025-12-18 14:27:40.535221[Thread 0x00000001ff95a080]:Use system font instead: .AppleSystemUIFont
2025-12-18 14:27:40.535230[Thread 0x00000001ff95a080]:Cann't find HarmonyOS Sans SC font
2025-12-18 14:27:40.535238[Thread 0x00000001ff95a080]:Use system font instead: .AppleSystemUIFont
2025-12-18 14:27:40.535247[Thread 0x00000001ff95a080]:Cann't find HarmonyOS Sans SC font
2025-12-18 14:27:40.535256[Thread 0x00000001ff95a080]:Use system font instead: .AppleSystemUIFont
2025-12-18 14:27:40.535274[Thread 0x00000001ff95a080]:Cann't find HarmonyOS Sans SC font
2025-12-18 14:27:40.535282[Thread 0x00000001ff95a080]:Use system font instead: .AppleSystemUIFont
2025-12-18 14:27:40.535291[Thread 0x00000001ff95a080]:Cann't find HarmonyOS Sans SC font
2025-12-18 14:27:40.535299[Thread 0x00000001ff95a080]:Use system font instead: .AppleSystemUIFont
2025-12-18 14:27:40.535360[Thread 0x00000001ff95a080]:Cann't find HarmonyOS Sans SC font
2025-12-18 14:27:40.535370[Thread 0x00000001ff95a080]:Use system font instead: .AppleSystemUIFont
2025-12-18 14:27:40.535387[Thread 0x00000001ff95a080]:Cann't find HarmonyOS Sans SC font
2025-12-18 14:27:40.535397[Thread 0x00000001ff95a080]:Use system font instead: .AppleSystemUIFont
2025-12-18 14:27:40.535413[Thread 0x00000001ff95a080]:Cann't find HarmonyOS Sans SC font
2025-12-18 14:27:40.535422[Thread 0x00000001ff95a080]:Use system font instead: .AppleSystemUIFont
2025-12-18 14:27:40.535433[Thread 0x00000001ff95a080]:Cann't find HarmonyOS Sans SC font
2025-12-18 14:27:40.535441[Thread 0x00000001ff95a080]:Use system font instead: .AppleSystemUIFont
2025-12-18 14:27:40.535484[Thread 0x00000001ff95a080]:Cann't find HarmonyOS Sans SC font
2025-12-18 14:27:40.535494[Thread 0x00000001ff95a080]:Use system font instead: .AppleSystemUIFont
2025-12-18 14:27:40.535504[Thread 0x00000001ff95a080]:Cann't find HarmonyOS Sans SC font
2025-12-18 14:27:40.535512[Thread 0x00000001ff95a080]:Use system font instead: .AppleSystemUIFont
2025-12-18 14:27:40.535530[Thread 0x00000001ff95a080]:Cann't find HarmonyOS Sans SC font
2025-12-18 14:27:40.535538[Thread 0x00000001ff95a080]:Use system font instead: .AppleSystemUIFont
2025-12-18 14:27:40.535547[Thread 0x00000001ff95a080]:Cann't find HarmonyOS Sans SC font
2025-12-18 14:27:40.535555[Thread 0x00000001ff95a080]:Use system font instead: .AppleSystemUIFont
2025-12-18 14:27:40.535564[Thread 0x00000001ff95a080]:Cann't find HarmonyOS Sans SC font
2025-12-18 14:27:40.535573[Thread 0x00000001ff95a080]:Use system font instead: .AppleSystemUIFont
2025-12-18 14:27:40.535590[Thread 0x00000001ff95a080]:Cann't find HarmonyOS Sans SC font
